Koordynaty do Zielonej Góry:
[
  [15.509339165298144, 51.93729200533127],
  [15.510602545358267, 51.946496596825284],
  [15.521352616326851, 51.946777586954255],
  [15.490292558620325, 51.93439446390633],
  [15.485256808349845, 51.93052699244916],
  [15.484948468051982, 51.9257207460694],
  [15.50833723657064, 51.92542697046636],
  [15.50309713203373, 51.95076645646887],
  [15.521489462390775, 51.95304170361584],
  [15.52990934221549, 51.963979141734086],
  [15.56002926130273, 51.93755319024322],
  [15.58566630191558, 51.93342770032285],
  [15.608535265224276, 51.93283971477223],
  [15.511282276723506, 51.90791073847214],
  [15.508873202024972, 51.919992177608236],
  [15.455120745289804, 51.964195403072495],
  [15.48738530808734, 51.97635965298238],
  [15.496407287455355, 51.956203768295694],
  [15.478755419766145, 51.95444770661592],
  [15.496958761536575, 51.960465727568334],
  [15.51686087846943, 51.93622998942587],
  [15.495459045163585, 51.94130590163434],
  [15.476049661951407, 51.93893599100127],
  [15.472467717229904, 51.943732293212975],
  [15.525946022661003, 51.940724650242146],
  [15.570593725628186, 51.910852082555834],
  [15.486848844059978, 51.95346665310518],
  [15.492201095642343, 51.95459252268799],
  [15.50411143480747, 51.95753907503442],
  [15.518638873686541, 51.95780830898309],
  [15.521806085343513, 51.95514750149516],
  [15.501366545701813, 51.94543768372495],
  [15.494642227098325, 51.938911207284775],
  [15.491770478586687, 51.94227637769393],
  [15.481738366095442, 51.93992674394076],
  [15.47969823340702, 51.94272974347956],
  [15.516432663748958, 51.932390558698614],
  [15.50957296027292, 51.931602982002886],
  [15.502302046869943, 51.93312589285185],
  [15.494345846150111, 51.92721599367769]
]
